0.632107494699229 0.311954023906457
0.3426906158694772 0.5869001162275908
0.502609114867494 0.6453579128953048
0.5190459194803375 0.2316283494819322
0.4358399502809834 0.9196338835670186
0.7557277206112953 0.5317131049392685
0.3660113522049606 0.2813528719353853
0.287649779337562 0.6036528401012761
0.8105367713080172 0.5943167378491574
0.554434668136441 0.18436251013879398
0.15515225765428342 0.714293685647941
0.6672846300805885 0.6693530374138175
0.37056507646878634 0.16548385260928677
0.4083814641728871 0.6685949074646261
0.5041419466973772 0.6266632532830889
0.45021465451105225 0.1667286949824663
0.17776996738046613 0.8099817327370817
0.5241015267921396 0.6387415383204925
0.47996669413959003 0.17976298240298616
0.32439752569324914 0.678496835468676
0.716023583923375 0.500788341183833
0.5515150985387556 0.27787250960332177
0.3324639860056553 0.6337742797718917
0.5941384490402405 0.5310718770012807
0.5691098945336056 0.27525470475773234
0.32655399630928994 0.7806601447291346
0.526374442450479 0.626130387152781
0.4830426114801939 0.2651081976953291
0.27698522984572066 0.7391346198196108
0.6786113954974097 0.6453250731549408
0.5441068738266386 0.2330656327902555
0.3088286853438004 0.7395236965464955
0.6671240559157202 0.7135483651385328
0.6080216646783608 0.25205388574056325
0.08637450213829495 0.7292968473665318
0.7474706127635686 0.7285452166186999
0.5711561097643478 0.13700027236382542
0.25391238726074894 0.8542236756642674
0.6847847927974947 0.6569608294624861
0.619136038842969 0.18265558235021653
0.3825856168466608 0.7837326446394055
0.6351857013891832 0.7471825561514321
0.5337078345022473 0.2828551297582879
0.12914544565163594 0.7984807628481795
0.5551879371705898 0.7061405234061118
0.5844564051253214 0.27630724514604743
0.3124269248985212 0.7137522259365839
0.6425637896814113 0.5329798749362235
0.5228733694817124 0.023623267615418442
0.36932275415690596 0.8704596557225706
0.6426918246490496 0.6955612797169793
0.6050597899120922 0.1638045109750514
0.2859089691541899 0.5907843850749787
0.6631874332616088 0.8321444842700085
0.4416239298468876 0.13080841701448312
0.1492381374970387 0.7330639382461716
0.6908503808704326 0.7459383653340835
0.5277443780488685 0.21087030801726686
0.23668958549441968 0.720175521991522
0.45599892979472234 0.5277646122033817
0.5353893218150843 0.03212311979314386
0.31798977739565054 0.8584850438537751
0.48846833832966424 0.5602266729833247
0.47012695770070323 0.12085808468889744
0.1218706223667391 0.7447781577682211
0.7833145747859069 0.6710780082857191
0.627638501738905 0.2533700495477574
0.3731315686388579 0.613948001438027
0.5841208990172583 0.5350115625948749
0.40969634068137556 0.3572254251177748
0.27596025011083886 0.6712125801083564
0.5816016337009688 0.6343872527568001
0.3833487659820314 0.4976061807079775
0.31840868590562993 0.7747547291209778
0.6648391987909554 0.6520862180082659
0.5197096215881378 0.2760814849676102
0.31672879621193006 0.8431676872412194
0.5085571815076666 0.575793255430305
0.5415540692332148 0.21920237179032673
0.3230870765864665 0.6351019832828935
0.5190008924845448 0.37672679656516284
0.4898628420065634 0.37903432924240504
0.25619192556855924 0.6465641835398724
0.5789886884848076 0.7225329103593223
0.6081054521715008 0.41957952661945064
0.28920311247613056 0.6182025340148187
0.6189145097015006 0.5640884729623954
0.6298266137404149 0.2973487295021928
0.26197396003243606 0.6342955204364423
0.512879803226415 0.5912341326856422
0.49455439288646946 0.36498652672383813
0.3666780543413038 0.6438398882603837
0.5722731518322104 0.6733477985054159
0.14959668046634117 0.45578256017260843
0.37245087325253134 0.6649513445858612
0.5974050087337986 0.6326412551739032
0.42449934744329143 0.15294806671641192
0.4060818153910041 0.7134293227481836
0.6708292578375552 0.6400314200466801
0.5091405569801667 0.1768255006375711
0.5130035222134024 0.5788382482470376
0.6590392869961779 0.671805315297661
0.5219690659706944 0.3083508288145773
0.3569653700192616 0.7042202899711271
0.43328952532163545 0.8257663717788188
0.43624042165953525 0.35564675687344394
0.2471900175646296 0.7716621382825581
0.527172865942477 0.6546090972750541
0.5432764997478438 0.33934120589842215
0.12554101514911295 0.6513538398410317
0.6345697461091405 0.5124335113231657
0.5912015864574266 0.20823306645604614
0.4272071220718171 0.6018115251205396
0.5362291182612985 0.57276493764333
0.5797096633421582 0.2422697081288511
0.25405220444043003 0.811112882666365
0.6648292931376423 0.6383140145986592
0.5124672330288408 0.32769765825188063
0.43564029144929817 0.7909958625917344
0.4922439518650681 0.5060830395687071
0.502347485477713 0.21623677149651305
0.28025647196550724 0.6027449824124274
0.7282428759192481 0.7295508925209635
0.5465216544864845 0.32391705525300807
0.3976722324422222 0.6930070930889822
0.5681670398399603 0.5143778336210041
0.4833641596350286 0.17480596661254272
0.02579124417672901 0.7846054052498085
0.5778245035758355 0.5257803144518214
0.4513241104040714 0.2722301677651188
0.2692950713358197 0.7322549662201164
0.7002947900000228 0.7596766513762995
0.5303645282768221 0.09979667144337337
0.2366347542451123 0.6302561635997881
0.6492470238981164 0.3920245217621035
0.46819943029923883 0.28013333713061145
0.31674382452539335 0.6385541068428469
0.5782867881633991 0.5778683760318081
0.3875551119376197 0.3476611656176947
0.46311394545066115 0.7650857235267925
0.7480478218771527 0.6245910913681404
0.5123959642906801 0.277827548173416
0.1829701555834568 0.8991253312874747
0.7012713266784655 0.6893292615395074
0.460807935780058 0.3136407194657376
0.46146486458571534 0.5395763932873545
0.6573421440863667 0.6667841079659267
0.42415915493158557 0.3183993531232338
0.19051095137789253 0.7461736492837403
0.7143443926347489 0.6178888788723764
0.5175591783691912 0.39274206359592223
0.34998088794399895 0.7838252995298186
0.7392691042739289 0.5469828174865794
0.35707494531641937 0.3496923709818161
0.2044477349480064 0.6359001848427714
0.5560376041711027 0.49977964395499197
0.6486908197586101 0.3403038855319962
0.3368912230717514 0.7141132645444168
0.480295616276317 0.6442398920287625
0.3742623267207264 0.12755151966567022
0.31603480287700003 0.7073996461866122
0.7511428634591527 0.7331359339364825
0.3163940853371149 0.33537387914501093
0.49912992551318575 0.5644187916023349
0.5463867615631628 0.7085222151934253
0.470883699165923 0.24317174842808312
0.07249776199071062 0.6968083550779849
0.58210525726889 0.6749685563051123
0.44278454873238604 0.2429528816127255
0.2523931357870192 0.6488042426689784
0.45045698202796214 0.656724892709392
0.6393704003016063 0.19514100823273078
0.2669144651880408 0.7448977552060183
0.5090354954110843 0.55683894547249
0.5063508962918557 0.21067413458653886
0.2566348080980792 0.7404559904810393
0.6216033993797688 0.7175985401025801
0.5485124366762864 0.273540512841287
0.2471042765579865 0.7038941254064568
0.5828875270521497 0.544027783724253
0.6403007298038521 0.23590684608405402
0.3805908550845161 0.7556734108778911
0.7017301626263617 0.5472554460783482
0.5008614737639178 0.3841020203213775
0.4043007948563551 0.7916569939660975
0.5094119866900447 0.7579054751034943
0.39632349830895197 0.11630893011926097
0.22222575852343796 0.6983342972940338
0.44270435755035076 0.5352735025363804
0.7049010324586247 0.11441720466525804
0.3140440064835588 0.7518956190909986
0.5706066635651976 0.5706515856242558
0.5818993429797767 0.21780660770369548
0.2460082142932618 0.737617971750389
0.5231113980549713 0.6507759915424235
0.5052281299316117 0.3919367080048336
0.16139629175029993 0.8261302622991347
0.7647038438397067 0.7283470787155987
0.6177361506165462 0.21306626492130556
0.26347385555882097 0.7735981407478223
0.4924709241035179 0.7425215845710271
0.44316556902119064 0.45388596122421465
0.17207243604882394 0.675916653466332
0.7715075622855647 0.6478704508058534
0.6863959458079227 0.29114136632383564
0.18892367291345002 0.5487493909573282
0.5352343358808878 0.49803975238832465
0.4767947800963538 0.17431555853198308
0.3288745599387906 0.8405181775759353
0.6876065146943002 0.5411959222561378
0.6999041143056247 0.26334184162198093
0.31738780217128504 0.5381555093917102
0.7490502518698203 0.6737644624569329
0.5390858045083885 0.1459213165992264
0.06738711347441059 0.5734184510201081
0.5073722465994703 0.7760266277857327
0.5715902742182213 0.1885957684077268
0.24537924712912976 0.6838638963322681
0.7143857344329292 0.6004387802992269
0.4439618189536379 0.38787230909754855
0.37214073340898374 0.7586908240083945
0.6464081418576606 0.4595192228756506
0.5353579885622775 0.34158011014188894
0.39092447389393165 0.803433608262628
0.5712175589450343 0.6733876674375785
0.6103123910787303 0.23695036199454933
0.16236043331242095 0.6051984855248475
0.577387406767394 0.6919446223656803
0.5308775883068305 0.12719019188688976
0.3533176202531947 0.7174555610357798
0.7193913942754595 0.615523815788534
0.5707272774171844 0.3471360218234991
0.3033735217943507 0.7789977443913899
0.6510635151193481 0.5881089920668926
0.5537492808541484 0.26186279112528515
0.0366872923758888 0.6552923345996813
0.7281352228314087 0.6534124093567074
0.5482921990333282 0.21265825208439929
0.32422854870617945 0.6820619111444125
0.567451085748749 0.607348856837887
0.5042248337349464 0.19997612105773663
0.3356121143493126 0.6400876893995053
0.5499375364363435 0.5733168105704862
0.602532680849272 0.40795952991617324
0.27411960712046424 0.5309961132237913
0.6813011782714372 0.5539911866916298
0.6639004788775997 0.31459531913827365
0.26662288338016493 0.6862059220420963
0.5154548614466349 0.7436536766460088
0.638802928828841 0.24885794134871028
0.27028271847559504 0.5992973430813179
0.7979260308206392 0.6116850010983637
0.5876355166275651 0.16364425532477778
0.444943019924641 0.6130308013743055
0.7477850635084057 0.43167607369402067
0.4310137251798042 0.3610872501720259
0.16415630355874844 0.8043913760593273
0.6655148920016783 0.5731189063815377
0.4745021273619858 0.41498302794587316
0.4385886806460373 0.6683646137393947
0.6851749448421013 0.7144750222336069
0.4237092419645684 0.2624894701065198
0.271419649217549 0.7097819353174637
0.6927819320024485 0.627830002396603
0.6223882827280665 0.3529667985285517
0.2500805672735121 0.7140410537985092
0.5943348353583686 0.7353594676560429
0.6708284123507766 0.25693646170927903
0.23595002527738107 0.7990565869608136
0.6952714151487238 0.443507130921571
0.5797637039401392 0.11799888833726396
0.12577886070583194 0.7616834700390375
0.7520234241443502 0.6293267087763649
0.3863697171112862 0.2982080136409323
0.36746411064738244 0.9668066962477176
0.4606389958176354 0.5206629927798977
0.5258312747675589 0.28473048574943344
0.193638205863789 0.7070304383180733
0.6281465822772303 0.3813583114607342
0.46625549286683654 0.28580988713040384
0.09930123984083136 0.6763363303792191
0.7367332894375921 0.5931456399606466
0.48223233006706606 0.36900912014170045
0.2139814317506266 0.7428609415490737
0.6313975864634076 0.4709448440187489
0.4940329606149163 0.2188207253736538
0.44163588010834376 0.7357818310843994
0.6661278810791236 0.6042603382356737
0.4357470194743767 0.1998276647594716
0.2345246974621151 0.8338997376744188
0.5834428021525735 0.6096322347848914
0.4253034014022067 0.23143541662295763
0.4102869896250656 0.8397443794430725
0.6915809205040313 0.6144560858780079
0.49488370080583627 0.4174460101761701
0.37075734690464157 0.8314395982901779
0.5978244865944143 0.7442907090288158
0.6248132438440115 0.22051396623883057
0.4989010584545185 0.9115978596044403
0.5595246631190303 0.5913565900563612
